주어진 숫자들을 통해 flag를 찾으세요!!

n = 379557705825593928168388035830440307401877224401739990998883
e = 65537
c = 
[155974020853420493604150780949056544424513133862084427481311,
6579730726572233033106698030148382063022956139797953391492,
37427772711225328711499030685248994620846177375575326756485,
6579730726572233033106698030148382063022956139797953391492,
37427772711225328711499030685248994620846177375575326756485,
6579730726572233033106698030148382063022956139797953391492,
37427772711225328711499030685248994620846177375575326756485,
37427772711225328711499030685248994620846177375575326756485,
37427772711225328711499030685248994620846177375575326756485,
7580191278258356611399993951521492760079714228290762946797,
290365478818025345370587701095672857672891283834433150583595,
58111167357178378155997224134935840536846848619191000365378,
138477433224836769935151926074633212050439310683827751925486,
290365478818025345370587701095672857672891283834433150583595,
106345293596206875779643963391774389142069560949587482709231,
231453653157892012451690903780564600139459019790976772738425,
244949293796099010878016436594265349358171932268381583004247,
231453653157892012451690903780564600139459019790976772738425,
13947021224419547841491749793208801054425477163695116586174,
244949293796099010878016436594265349358171932268381583004247,
231453653157892012451690903780564600139459019790976772738425,
30877891858696705409167465628752622983187879012676325188921,
244949293796099010878016436594265349358171932268381583004247,
24378475216133170335031851199554867197332725545698604154118,
290365478818025345370587701095672857672891283834433150583595,
350335956506737384743195759329033490706067361243603443441022,
313934695873515907087980129964596852094458117965237913833570,
231015665203800006539340133622473221980100752988419898494179,
6579730726572233033106698030148382063022956139797953391492,
37427772711225328711499030685248994620846177375575326756485,
37427772711225328711499030685248994620846177375575326756485,
37427772711225328711499030685248994620846177375575326756485,
179486504880058918654796051820076773429565256489991737404214,
290365478818025345370587701095672857672891283834433150583595,
257282286936776839447756010141079456547981778794472140499392,
47585400046440096721916834090292503712810885161258071609843,
290365478818025345370587701095672857672891283834433150583595,
213174000004536534747582279863542681887515631534863460241972,
34063318140843935217902081949111186628357045265722879484179,
159607268014016508604707639281528065004019869383469963977544]